word	pos_tok_MBOF	abs_tok_MBOF	pos_type_MBOF	abs_type_MBOF	es_pos_tok_MBPF	es_abs_tok_MBPF	es_pos_type_MBPF	es_abs_type_MBPF	
peripecia	5734.808802	30809.912523	2654.250000	15971.625000	5344.949076	26685.259848	2326.125000	14277.875000	
erupciones	3131.921741	35983.938061	1432.666667	17763.444444	3513.223176	39544.996837	1345.777778	17197.444444	
dilatación	4657.388430	33578.136218	2313.444444	15791.888889	4961.054582	38332.306863	2682.444444	17211.333333	
tonadilla	6180.099047	36792.284194	2939.750000	20493.875000	6332.837068	29065.284839	2300.714286	16126.857143	
fragor	4101.662647	24614.365313	2115.000000	16039.000000	4048.569543	23682.880000	2075.400000	16168.000000	
minucias	5422.484802	28764.280468	2400.142857	16444.714286	4794.468158	25740.723024	2158.428571	14529.428571	
epopeya	1032.927806	10927.925905	707.666667	4695.500000	1074.723819	10984.355553	755.666667	4862.833333	
tópico	1664.273791	18191.326352	1001.000000	10172.200000	2791.611493	25122.661156	1342.800000	12786.400000	
mimetismo	2784.636268	17730.909785	1675.750000	12872.625000	2661.935678	15399.018615	1581.875000	11024.000000	
desaliento	16193.942718	58355.184963	5611.111111	24458.111111	15956.495016	55897.716937	5348.333333	22597.777778	
tata	6486.156689	36890.307661	2239.000000	24340.666667	7648.828064	38916.731429	2457.333333	26603.333333	
alarde	4613.675839	62157.183099	2192.400000	30997.800000	4323.898202	39209.010585	2178.200000	25835.600000	
alborozo	4317.454975	19562.588916	1740.714286	11041.428571	4639.680405	20444.734822	1899.285714	10995.714286	
andanzas	3975.138124	31801.807724	2465.857143	26601.714286	3961.926128	31089.397738	2661.285714	28280.714286	
hastío	8615.945746	23573.425235	2044.800000	13884.200000	7327.816391	33027.093236	2253.000000	20770.250000	
propensión	5664.893987	30700.240939	2439.777778	13012.333333	6216.964359	36477.567160	2863.555556	15792.777778	
pesadumbre	4018.520075	29490.396834	3133.111111	18678.000000	4059.068066	27733.268508	3062.000000	17054.000000	
evocación	3126.077178	23232.017166	1186.500000	10105.625000	3617.573647	30637.574760	1547.750000	13716.500000	
estamento	8790.084934	53773.251349	2733.500000	26896.250000	10359.264005	55418.250606	3403.500000	27575.125000	
absolución	2377.589436	18153.202265	1251.111111	8631.111111	3342.567190	25256.653144	1725.000000	12217.444444	
vacilación	4133.553915	34301.151868	1874.444444	13999.555556	4297.444765	34679.312483	2238.777778	13812.000000	
regazo	5312.892711	16798.832823	4248.000000	12629.400000	6209.215662	13114.419324	4453.000000	9193.200000	
regenta	7661.373384	47529.810180	5592.833333	25185.166667	7591.532831	41773.477716	5680.833333	21674.666667	
tacha	4358.854408	25475.072674	1685.750000	14653.000000	2490.584875	18386.968429	995.333333	12946.333333	
destello	19808.394872	59936.854071	6898.571429	23686.000000	22073.200121	51767.329259	7014.833333	20608.166667	
maraña	9817.912515	30483.932246	3373.200000	26213.800000	10706.501847	31136.222277	3228.800000	27072.000000	
fulgor	2653.566043	14155.014520	1189.200000	7661.800000	1625.750529	12904.997943	1089.800000	6992.800000	
raciocinio	3622.121768	34098.308560	1657.555556	17478.333333	2516.899762	24077.444516	1086.222222	9472.666667	
barrido	8045.038352	30772.386028	3452.666667	27575.000000	4120.836595	14555.696167	1832.600000	8114.600000	
dividendos	4484.325809	49014.526723	3673.000000	25183.666667	4185.782120	32651.255793	3378.000000	20021.111111	
provocador	5240.381647	28178.469904	3408.666667	18819.777778	5354.033783	27056.380601	3146.888889	16958.666667	
pesquisas	4336.086207	32573.518958	3889.875000	18333.250000	5106.528682	33107.329609	4501.428571	21245.000000	
muestrario	9765.143739	44907.088985	3165.444444	26521.000000	5886.542426	41201.833670	3183.666667	24960.888889	
infinitud	3450.787276	15727.019032	2317.875000	10635.000000	2383.605952	12545.403361	1618.375000	8228.500000	
quehacer	12769.452694	32395.041757	1368.428571	11584.000000	9389.169371	29957.556117	1774.600000	13861.600000	
salinidad	4890.193143	29294.068489	3261.375000	18789.750000	4734.285400	27641.282649	3119.500000	17739.250000	
entresijos	9055.137755	50185.265049	3987.444444	26502.444444	8701.613737	48561.320601	3371.333333	24552.444444	
avatares	3595.997244	40845.683326	3082.000000	30200.857143	4102.892402	42680.339454	3712.857143	33016.428571	
ánodo	1478.236109	21930.714594	442.250000	16519.500000	2621.791616	31027.213800	1087.500000	21295.500000	
garbo	6250.364050	18343.406066	2337.000000	21291.000000	6573.610071	17430.081492	2371.250000	19701.250000	
simulador	3822.835533	33922.672321	2706.250000	19933.500000	3625.837397	31815.218516	2418.500000	16993.000000	
picardía	2687.589422	21270.816903	2427.571429	19004.428571	2635.180107	20284.711545	2668.714286	19236.142857	
conjetura	9667.148958	25549.756795	4062.500000	15806.750000	6343.241011	19709.660819	3239.500000	13110.875000	
fajo	2089.570134	4617.232134	753.000000	2492.333333	2187.587320	5285.223248	816.333333	2890.000000	
cuitas	5328.420551	28710.318512	2392.800000	19424.200000	4384.207689	27778.638290	2144.000000	18329.800000	
zaguán	1307.035289	5569.292762	916.400000	7424.400000	1643.720914	14734.076038	1450.400000	14136.200000	
anticipo	5185.514346	35985.791996	2483.857143	18946.428571	4130.510782	27993.256407	1995.714286	18166.285714	
lindezas	4461.938256	37946.908600	2318.000000	21634.428571	3934.460133	37181.644948	2299.714286	21153.428571	
visos	6061.671941	31982.159160	2267.250000	20720.000000	5523.098067	30214.394376	2433.250000	19447.500000	
repudio	4979.624085	20949.803125	4165.333333	13041.500000	5512.621599	14593.089120	4035.833333	7712.166667	
ensoñación	6657.402181	29374.180563	2038.555556	11531.777778	6880.753653	35870.123360	1923.888889	14013.333333	
desidia	22060.950821	52931.533252	6989.833333	20605.333333	22040.288946	47988.593067	6543.833333	17845.833333	
añadidura	1966.189339	22287.112055	1250.000000	14738.375000	1810.390425	19730.190959	1351.375000	13981.000000	
falacia	5689.322515	39093.395851	3071.000000	17784.666667	4963.356772	35375.458808	2696.333333	15068.833333	
letargo	4613.848671	26119.488682	2390.500000	22650.166667	5242.152480	25300.926901	2619.666667	22522.666667	
inventiva	4830.885149	32199.771246	3100.625000	16647.125000	3701.866748	30621.711789	2618.625000	16550.125000	
respingo	5956.784968	30641.965100	5901.142857	19150.714286	4991.237102	20671.978042	5023.857143	12684.714286	
descaro	22404.493922	59094.496434	8617.000000	33597.833333	21890.948564	56935.962487	8293.500000	32492.666667	
dorso	7084.905694	29428.525921	1914.750000	19754.000000	6930.566891	21429.155264	1739.250000	14721.000000	
soltura	4650.262450	19999.404684	2820.000000	14286.000000	4900.139069	19795.823023	2907.000000	14683.166667	
apoteosis	2843.304170	27558.586392	1894.000000	15893.750000	2898.438225	27436.971418	1981.500000	15913.750000	
atuendo	4029.596308	42346.386979	2612.500000	22984.666667	2871.557144	29622.630553	2285.000000	17987.000000	
presagio	5968.925453	32644.547426	2453.285714	19157.000000	6812.699768	33752.116879	2583.857143	17065.571429	
frenesí	5270.399579	47164.676808	2007.500000	24762.333333	5859.983776	48630.646406	2213.166667	23491.500000	
desamparo	16222.501090	48828.622771	6714.375000	27034.500000	16142.184066	47338.070336	6631.625000	26299.625000	
hormigueo	4097.488909	20304.965623	1599.625000	8098.250000	1731.399241	13720.985136	907.000000	7543.666667	
substrato	4811.735075	25215.287031	2266.625000	14352.000000	4762.914510	25746.837383	2430.125000	15201.625000	
impureza	2762.033567	16659.388691	2012.285714	11921.142857	3100.786481	14973.893561	2514.714286	10876.000000	
beatitud	2401.305724	12080.036356	1380.571429	9123.571429	3067.129045	11928.707993	1633.857143	9096.714286	
calentura	5634.523612	44222.416638	3715.125000	24899.875000	5614.943397	43279.973076	3846.625000	24806.000000	
yerma	6940.389855	25977.994456	2617.000000	13976.000000	6446.002857	27042.235710	2310.750000	14170.000000	
resuello	5749.773099	48201.377940	5710.428571	20922.571429	5549.036918	24948.072341	5329.166667	12551.333333	
trajín	3897.339014	18736.940022	2143.200000	12752.200000	5107.211013	24988.943734	2945.800000	18089.000000	
placidez	3187.445162	45528.905272	1519.857143	15834.285714	2594.425598	24665.521013	1389.428571	11108.142857	
colación	10593.056358	39123.151023	3937.142857	16678.571429	11227.359649	47059.438912	4266.571429	19697.857143	
índole	2329.095893	22411.120134	1257.400000	21674.800000	3071.568174	20739.629276	2287.200000	21089.600000	
salvación	4274.631498	25307.476366	1968.250000	10746.125000	5009.920416	33389.527785	2422.500000	15565.875000	
vigor	4939.864615	19051.087031	2077.000000	10078.500000	4944.779777	15790.935278	1997.500000	7958.500000	
modalidad	4890.295931	28539.558352	2572.250000	18560.500000	4703.556978	27231.504345	2472.250000	17771.750000	
místico	4533.982351	26186.405141	2357.333333	14099.000000	5863.979652	30443.572031	3047.666667	17681.833333	
diputación	3893.610130	24172.812826	1817.111111	10667.555556	4270.752260	29034.493201	2173.444444	12741.000000	
constancia	11399.245486	39732.610195	4590.555556	22303.666667	10959.492148	40909.900154	4595.333333	22691.777778	
cuantía	4798.511611	24863.308409	1588.500000	14996.333333	5165.584087	27624.434297	1745.833333	18599.833333	
suposición	5470.588923	31135.014007	1791.777778	13295.222222	5399.938967	36131.460509	2083.777778	15851.444444	
sosiego	7415.494526	27779.281555	1726.833333	14465.833333	7110.412093	25104.345128	1529.500000	13813.500000	
regocijo	5170.447950	21320.640404	3494.714286	11388.428571	4487.839518	9720.243291	3114.857143	6193.285714	
imposición	4347.481745	31470.108825	1822.222222	14170.000000	4718.737483	36990.211143	2342.444444	17043.111111	
magnitud	2515.273919	11115.601165	1495.571429	7087.714286	3151.857198	11551.879761	1503.285714	6874.714286	
rechazo	5568.426335	18567.091674	4117.666667	12567.500000	4690.128930	10369.000429	3877.200000	7203.800000	
burocracia	4183.106730	26274.925864	1892.000000	15045.888889	3868.220873	23207.053947	1887.444444	13401.000000	
inflación	4866.742441	30592.976848	2437.875000	12730.875000	4356.666512	35114.564335	2021.625000	13757.125000	
cosmos	15171.927388	45322.319178	4231.800000	29638.800000	10466.880725	30999.014372	3879.600000	19995.800000	
acto	4244.063677	24719.403722	2178.000000	10136.000000	4795.038769	19803.781264	1978.333333	8568.000000	
poniente	10964.201065	48531.206610	3635.000000	21980.142857	10514.598182	49900.847964	3249.428571	21353.000000	
esmero	11840.885650	45989.071815	3692.600000	24869.000000	5709.602684	26755.267253	2479.400000	15161.000000	
contienda	13002.983283	47587.670127	5749.625000	25653.625000	11798.953756	44105.114734	4663.125000	21590.625000	
exclusión	2534.992948	12526.007789	1088.125000	4178.875000	6980.752858	31682.379519	2445.875000	14495.750000	
pronóstico	3927.841730	29860.995459	2138.111111	16428.444444	4942.957526	42118.999444	2456.111111	22472.666667	
inserción	6842.008714	31879.002732	3339.750000	15169.250000	6715.831940	38561.764019	3257.750000	17972.000000	
despojos	19041.944405	48253.396985	6251.428571	20211.857143	18834.513417	47572.040422	5978.571429	19873.142857	
opresión	3507.472339	36374.386407	1339.428571	17376.857143	4406.028273	42297.249135	1803.000000	19515.142857	
cuenca	13915.936979	46391.066356	1810.200000	19591.600000	4997.728333	15025.450707	1056.600000	8661.400000	
trazado	5906.676721	31675.629043	3189.166667	24813.833333	5748.192807	32689.311767	3147.666667	23459.166667	
trance	6617.586778	34879.468143	3177.200000	24732.400000	6877.024471	34369.773960	3119.800000	26868.600000	
morfología	3239.856784	15595.252399	1522.777778	10821.222222	3140.205998	15716.478645	1441.222222	10856.666667	
génesis	2664.584045	27823.831179	1175.666667	15000.166667	4809.126589	46747.783079	2126.666667	22463.000000	
nobleza	4250.322170	14207.120481	1189.666667	9129.166667	4308.947161	15951.950045	1355.000000	10526.166667	
dióxido	4131.775190	20280.795655	1688.333333	11376.000000	2258.233022	20158.843496	1094.000000	8379.571429	
aporte	2836.440641	29398.407446	2034.600000	14880.800000	2738.476086	29636.178495	2102.000000	14829.600000	
cúmulo	1134.704148	10735.995478	787.800000	5950.800000	1912.101594	12849.957160	1247.200000	7769.400000	
clave	2389.936935	24796.485550	1247.750000	11314.750000	2748.407811	27933.577969	1540.750000	15258.000000	
andadura	2956.099893	32451.373306	2034.714286	25730.285714	2677.350434	28254.208736	2170.000000	25126.571429	
incursión	4190.484090	19914.843890	2432.250000	9344.750000	3175.380189	20442.276412	1746.500000	9555.875000	
variante	6904.102583	40455.904032	3148.142857	29042.571429	7126.283795	37578.179071	3361.571429	28203.571429	
detención	18105.522961	50590.041943	4450.000000	18271.125000	18841.125846	56282.578509	4759.500000	20358.875000	
cacería	7981.515785	27734.842213	3453.500000	17338.666667	7725.073145	29368.397512	3768.000000	18866.166667	
partícula	6235.686406	25838.534718	2153.250000	17219.000000	7380.576913	29445.486793	2720.500000	20383.125000	
doctrina	3403.766300	27811.544276	1964.142857	18397.000000	3002.816212	20284.541478	1988.285714	14946.142857	
trecho	4146.221510	25087.309280	2443.000000	16838.800000	4300.745690	18214.066133	2446.500000	11097.750000	
componente	10132.956486	44733.450105	3902.444444	21062.111111	10595.959639	47545.601142	4207.666667	21397.888889	
señorío	6535.917503	16481.300369	1423.166667	10003.500000	7167.410346	19046.475455	1809.833333	11921.000000	
medición	5714.755866	27158.438142	1940.428571	11744.857143	5623.382262	31789.320263	2053.571429	14059.142857	
pudor	5365.350929	26950.142254	1730.250000	17572.750000	4823.746424	22170.055880	1612.500000	12199.250000	
caudal	5063.909613	24511.601901	2435.600000	15252.400000	4864.412290	23393.355964	2389.000000	14953.000000	
perjuicio	5443.043435	26090.736136	2393.125000	12596.500000	5346.876644	24424.548358	2124.875000	10765.500000	
reclamo	6092.476167	33927.949356	4842.333333	21447.166667	5179.112277	25497.890881	4624.666667	16210.000000	
júbilo	1730.096431	11849.048559	1008.000000	7065.000000	2600.369595	12482.822397	1564.400000	7555.800000	
santidad	7547.900337	36613.623191	3925.714286	23512.142857	7051.530537	35781.833898	3757.428571	24868.571429	
vestigios	5938.563010	36261.167908	4693.500000	20369.500000	6055.623509	38158.701976	4428.750000	19790.250000	
secuela	7592.616050	45592.032997	2862.833333	17190.666667	6188.197457	35827.512733	2115.166667	13657.500000	
hito	3256.243346	18152.291117	1404.333333	8740.333333	299.110479	27028.396161	276.500000	12234.500000	
despliegue	14084.831829	39719.588245	4728.555556	14646.555556	15482.793034	33959.608653	4839.000000	13223.250000	
temple	3964.917517	22677.975556	2051.800000	15212.000000	4127.942449	22737.411614	2100.600000	15677.600000	
imperio	6841.303631	28233.055596	3377.833333	15379.000000	7519.712093	29280.149844	3430.333333	13736.500000	
modernismo	4404.404695	31756.835145	2188.000000	15239.111111	4109.876240	17644.836019	1976.222222	11151.666667	
convenio	12768.280970	38417.826835	4873.000000	18403.571429	11511.666555	35058.982945	4229.000000	14590.142857	
balance	4717.671524	37552.536283	3151.333333	22697.833333	5379.999916	35161.543343	3400.666667	20907.000000	
infante	5636.188016	33197.550475	3672.166667	20657.166667	4670.709356	30838.368772	3026.333333	20537.666667	
aura	7360.868642	25530.928809	2378.000000	18265.333333	7693.995616	25242.351952	2254.666667	19468.000000	
resplandor	5757.647620	45956.639810	6331.111111	29657.444444	5086.927205	38567.785497	5924.777778	25979.666667	
ingenio	5628.736098	31691.583073	3349.000000	15653.666667	4017.699044	28645.205369	1932.333333	11332.000000	
despegue	17879.197515	46536.022343	5982.714286	16086.000000	20417.531040	42273.519259	6372.333333	16291.500000	
emblema	2341.543476	17151.658359	1642.333333	12155.500000	2512.080648	18067.768804	1890.666667	12907.333333	
súbditos	2536.270884	21369.544238	1446.142857	12550.571429	4602.099767	22404.233214	2166.428571	12526.142857	
velada	7508.080178	45621.292481	2637.200000	21837.400000	7909.180268	42549.441591	2904.000000	19991.200000	
combustión	8278.814926	23584.798842	2883.000000	10437.888889	8842.108232	29941.510357	3313.777778	13086.000000	
monopolio	5907.287644	24343.871585	2351.875000	14412.125000	5827.436501	27953.025635	1875.250000	13109.250000	
loto	10360.355429	27292.914338	1323.333333	12296.333333	10788.861265	27258.959601	1405.666667	12478.666667	
trasvase	3941.720066	35512.447240	2790.571429	25386.857143	4030.173137	29457.892731	2923.285714	22406.428571	
soberanía	6591.334130	28369.488738	3289.750000	18254.375000	7048.063812	31055.280316	4010.125000	21670.375000	
tramo	5529.287632	31899.360748	3139.750000	24229.250000	5643.572512	32058.643033	3180.000000	25516.250000	
énfasis	2323.665060	19085.157085	1249.000000	13278.833333	2826.979868	21730.987433	2084.166667	15310.500000	
fijación	3872.794995	20280.223938	1179.714286	7666.857143	4271.303095	28806.668390	1568.571429	11257.000000	
chisme	1387.588282	12823.562219	1131.400000	9672.200000	1829.295659	8923.445797	822.750000	5833.750000	
repertorio	6518.360366	33786.108942	4085.555556	18557.555556	6608.936636	30007.173852	4101.444444	14588.666667	
escrúpulos	4395.483213	26204.321580	2333.111111	15721.555556	4928.816444	26787.415593	2734.222222	16153.555556	
utensilios	2669.275211	36269.185632	1975.111111	20012.555556	2882.035527	36572.299217	1708.444444	18028.333333	
ente	20389.132368	70934.752499	6268.666667	32565.000000	19571.892602	71252.325789	4814.666667	32126.000000	
lección	3991.182725	25658.382256	1578.333333	10807.166667	4166.493992	33928.181320	1858.000000	14341.500000	
revuelo	4448.036180	36490.023660	3892.000000	14526.333333	4719.070207	24385.771303	3935.000000	10010.666667	
eternidad	3545.814859	31232.582442	1886.875000	18612.625000	3477.234182	30380.782550	1827.875000	18311.125000	
desastre	19178.487690	59835.540968	6506.857143	30012.000000	19255.902018	56957.377584	6396.571429	27520.714286	
éxtasis	3778.749887	25976.355828	1470.166667	16808.500000	12861.037511	50294.218696	3650.166667	28974.000000	
cortesía	11865.519693	39252.778542	4341.714286	20638.142857	12148.540847	43597.540361	4392.571429	22118.142857	
casco	9439.856506	38008.321034	3868.250000	25814.000000	10350.044900	39952.754433	3955.250000	26895.250000	
estima	10736.023008	40649.971317	3041.000000	22152.600000	12390.561048	43461.236955	3853.000000	23143.000000	
habilidad	5445.890908	21857.791809	2373.375000	15044.500000	4320.935229	22348.003222	2566.571429	16444.000000	
arrebato	2457.129845	27603.416560	1908.285714	23472.285714	2213.938978	17139.961510	1569.333333	12723.166667	
frescura	3570.063503	35844.334508	2081.428571	23165.142857	3611.041334	32532.691418	2314.857143	21310.857143	
estupidez	7029.724919	38513.979602	1780.125000	15149.250000	7816.806953	26792.493242	2245.625000	13520.375000	
armonía	2907.856741	25856.667383	1602.500000	22625.500000	3756.734709	30947.119728	1671.833333	23624.833333	
carroña	7434.070400	23874.480204	3220.666667	21589.166667	3602.638307	9305.960146	1904.200000	7752.600000	
honra	9526.283179	30354.753820	3851.500000	19636.500000	676.863446	25681.087837	692.333333	12143.000000	
gentío	5151.262478	34236.985920	2130.000000	14844.600000	6508.256766	39722.725837	2932.200000	18384.800000	
confesión	11325.256185	35563.311187	3880.875000	15972.875000	10736.805397	39567.543332	3833.375000	17636.250000	
apogeo	1446.533755	9616.912738	1172.200000	4566.200000	1378.582262	10661.534116	1306.800000	5316.600000	
radiación	4104.928683	34947.610417	1444.125000	18500.125000	4319.380070	32930.596382	1562.875000	15230.125000	
vistazo	5699.610981	21869.841849	2817.166667	13399.000000	5261.432944	24578.299737	2994.833333	14339.500000	
mentira	8154.734057	48072.876164	4083.000000	26584.500000	8049.177195	47429.744250	4211.333333	26830.666667	
extravío	2605.746555	14628.800658	1895.571429	9973.714286	9444.318893	37850.418459	3487.857143	23478.428571	
limitación	3823.459123	26886.994593	1880.111111	13016.000000	4555.943389	33804.164002	2313.555556	15965.000000	
milagro	3639.099674	26860.774763	1729.333333	14465.333333	3365.495031	23848.218462	1632.166667	12187.666667	
estética	8242.269857	32824.984543	2407.000000	18972.571429	11213.900274	40921.348242	3796.000000	24175.571429	
audacia	4476.682484	24777.297568	1727.166667	12463.833333	4091.410431	21166.865211	1471.666667	10082.333333	
indicador	5133.658202	34977.054919	3787.625000	26112.750000	3598.430773	30227.937703	2810.250000	21748.250000	
rescate	7288.935313	42864.013091	7248.500000	27511.166667	7164.288628	38019.366871	6991.166667	24567.500000	
veneno	6868.775585	54094.059911	2931.000000	23238.800000	7080.600186	53271.593510	3203.200000	22072.600000	
borde	7262.333779	44474.099834	2380.000000	14934.000000	7038.713303	17374.642123	2138.250000	8917.000000	
olvido	3164.084627	19985.969369	1112.000000	15056.200000	3176.067499	17286.201322	1338.400000	11140.200000	
peña	4274.782320	8798.098717	1689.000000	4937.333333	4333.084027	8879.263615	1737.666667	5138.333333	
serenidad	9736.748688	48365.266511	3758.375000	27543.375000	9350.318850	44886.229906	3456.000000	24853.875000	
transcurso	3410.723178	23180.076716	2006.555556	16522.666667	3522.758657	22436.340450	1970.555556	17992.555556	
profesión	5898.933267	29565.412031	2205.375000	12878.000000	6682.050535	36845.139293	2604.250000	16459.250000	
logro	7295.339548	21731.019672	1143.000000	12338.250000	7165.800712	19354.070412	954.000000	10982.750000	
rasgo	5740.084657	31116.611582	1440.500000	22637.000000	1068.891591	2903.655534	632.500000	2144.000000	
bendición	5397.572778	35535.354153	2145.375000	17000.625000	6142.408536	40294.866848	2383.250000	18767.000000	
exigencia	3758.971873	28209.980063	1948.250000	12860.625000	3005.465443	26691.132098	1478.777778	11173.666667	
adición	2525.675713	32466.500673	1115.500000	15611.333333	3265.224003	37631.743534	1488.166667	18197.166667	
ascenso	4117.704150	35565.766725	2205.333333	20419.666667	3758.194095	35880.630808	1867.500000	19256.666667	
cachondeo	4527.255903	35108.828810	2508.750000	17640.500000	3778.720828	35128.818141	2285.142857	16284.285714	
consuelo	11706.975422	41581.063563	4436.285714	15917.714286	10927.496760	36432.114699	3794.714286	14251.000000	
rito	2799.750399	27167.144045	1248.333333	14565.666667	3354.901707	18910.939037	1379.333333	8851.666667	
aceptación	3258.779123	25180.055887	1674.555556	11431.666667	3709.651047	31408.692689	1800.666667	13940.444444	
experto	6274.797641	24598.188026	3007.000000	11918.333333	11724.644144	41824.255524	4347.000000	20549.000000	
distinción	6177.395818	29734.894101	2946.666667	14782.666667	6112.205894	34082.048104	3125.111111	15990.555556	
goma	7519.302778	17829.158454	2252.666667	9262.333333	8430.720387	19122.548622	2976.333333	9672.333333	
verbo	6134.048451	21259.913786	2485.250000	11671.500000	6679.845994	21153.577972	2670.000000	11408.500000	
paseo	10426.114142	31482.731033	2655.750000	20463.500000	11394.836009	33250.146554	2783.250000	21250.250000	
cante	10997.923483	48447.910310	4912.250000	30094.500000	10759.373942	49416.502677	4977.500000	33519.000000	
irritación	3551.748719	26720.417349	1964.666667	13598.444444	4237.953053	31836.343972	1775.875000	14031.750000	
euforia	4111.316344	18388.545550	1901.500000	10476.000000	3969.678217	15202.382685	1497.000000	7924.333333	
discreción	4676.800660	26399.007775	2411.888889	14289.444444	4741.994893	28707.316004	2693.222222	14044.222222	
nutrición	4639.397622	24472.157807	1931.000000	10839.750000	4585.572157	28925.961685	2029.000000	13842.125000	
faena	3481.635190	35975.470584	1377.250000	16880.000000	3791.726192	36012.129134	1447.250000	16778.250000	
delicadeza	15497.421250	49207.971222	4032.444444	19681.000000	15369.212214	35817.216709	3990.333333	17212.666667	
recorte	7873.059441	41046.384300	5716.000000	23763.833333	7355.414725	33376.950291	5553.666667	18890.666667	
saludo	4503.545152	24411.030694	2466.000000	16526.800000	4108.063490	21359.413186	2389.000000	12548.800000	
castaño	9032.536547	32021.770823	3414.666667	20274.666667	9188.351822	33888.278964	3561.333333	21522.500000	
auto	3258.499348	15048.918291	1377.000000	6203.666667	3756.325855	15875.666259	1490.666667	6644.333333	
revelación	4749.566811	38039.017007	3290.444444	15596.333333	5902.904067	39986.050516	3925.777778	15605.222222	
sistema	6787.089926	30521.712977	2896.666667	17254.666667	6107.568618	31677.138682	2958.666667	17971.000000	
deseo	30075.531057	64569.517042	9377.750000	25931.000000	29965.396998	62609.503098	8976.250000	24997.000000	
diseño	4549.002089	18115.844317	2443.000000	11938.800000	4236.386158	15764.336422	2414.400000	10355.200000	
esfuerzo	6330.168114	32880.464112	2017.142857	13615.857143	6757.882854	28537.075287	2245.428571	13034.857143	
espacio	9214.828085	39872.422467	2940.833333	18422.833333	10328.534183	42182.559298	3445.000000	17325.500000	
equipo	1132.317338	16890.766127	440.600000	4779.400000	1688.236962	12606.981833	628.750000	5386.250000	
transición	5483.352620	33743.889852	2471.666667	18081.666667	5644.534402	38816.853356	2723.000000	22347.333333	
acción	3315.856407	26073.572716	1479.200000	8440.200000	4485.244643	35248.622804	1843.200000	13097.800000	
reino	5716.094320	30120.667769	4888.000000	19574.500000	6068.162762	19895.460343	4858.250000	13444.250000	
elección	8582.294225	30560.746066	1215.714286	11295.428571	8595.290821	37416.252967	1519.000000	14187.000000	
materia	9480.209087	35485.651451	4246.166667	20418.500000	9878.645653	33472.075259	3977.833333	18405.500000	
actitud	2804.321919	15941.955834	1860.500000	9407.833333	3101.296112	12529.792120	1699.500000	8168.666667	
puesto	14056.404362	47909.550101	1713.800000	18486.600000	7598.026520	42067.881022	1498.600000	17502.800000	
recorrido	6499.677014	36630.841729	5284.000000	23340.000000	5153.748186	21781.948592	4272.000000	12650.857143	
modelo	3934.374216	49953.317079	1701.000000	16667.200000	3793.710594	28015.749293	1668.800000	12365.800000	
voluntad	4576.607796	30262.804515	3021.857143	17145.857143	5051.565662	30183.070283	3291.000000	17283.857143	
miembro	4887.739881	20386.867496	1134.333333	11138.666667	3995.838811	17820.776600	899.333333	10256.000000	
actuación	3978.284010	23131.957561	1433.250000	8623.125000	4273.936199	27215.082808	1495.500000	10373.125000	
beneficio	4049.378710	31423.909456	1924.125000	14477.750000	4781.313289	31240.318568	2132.125000	13087.625000	
identidad	4644.681948	54954.738575	2132.750000	23985.875000	4653.532640	40623.071469	2102.000000	20874.750000	
paso	13425.083975	34405.743345	2749.000000	20720.666667	14632.792942	36946.437707	2881.000000	21632.333333	
compañía	9626.689672	18999.223955	3641.571429	9522.428571	9984.550398	19765.889803	3951.142857	10161.714286	
economía	1141.410119	27600.874118	903.142857	14538.285714	1592.244896	31872.513798	1075.571429	15283.571429	
ocasión	2331.224762	29098.270204	913.166667	15253.500000	2883.004510	38539.532188	1338.166667	20448.666667	
corriente	10751.590218	47566.078833	4392.250000	23487.500000	10041.356715	43132.436384	4169.428571	19867.428571	
turismo	2837.504460	16440.003008	1531.333333	12320.666667	2055.901306	11556.227750	1077.000000	9450.666667	
existencia	4055.364479	36198.720692	2037.555556	17786.666667	3581.521416	34246.373904	1849.200000	15939.700000	
referencia	7230.264517	44049.328508	4171.555556	23623.888889	7095.345251	35733.190051	4235.777778	17641.666667	
análisis	2127.937795	20063.020376	1356.714286	14685.000000	3803.996020	30615.681147	1569.285714	21589.285714	
duda	2478.636676	14405.138604	651.000000	9043.666667	2610.359493	11647.478811	646.666667	7575.333333	
conquista	10158.042727	33841.388476	4066.875000	17381.375000	7757.022295	26209.594706	3723.428571	15702.857143	
historia	5261.875919	29457.551286	2757.428571	15884.571429	7772.000191	30959.526198	2327.666667	15681.666667	
europeo	3282.226843	13884.579960	1059.500000	8115.833333	3260.478108	13537.495747	985.666667	7743.666667	
resto	12118.179761	57724.425390	9927.250000	30751.250000	11277.693046	50690.595808	9423.000000	25934.250000	
virtud	3326.139987	10770.008941	1513.000000	6724.800000	3232.058819	8836.782641	1543.800000	5599.400000	
regreso	7601.280890	41327.137989	4771.833333	25211.000000	7865.619502	32459.693275	4622.000000	18887.666667	
pérdida	2759.399174	14755.703247	1362.166667	8537.833333	6728.544006	25308.199829	2735.666667	13834.000000	
precio	8013.760710	36649.625111	3315.800000	19594.000000	7947.844523	33058.663178	2977.200000	14069.400000	
facultad	3863.884805	21761.615293	2888.000000	14475.714286	3160.394966	18803.651675	2819.714286	13834.285714	
control	15648.982096	40620.098288	5782.833333	23056.166667	15232.583170	43621.665604	5365.166667	22603.833333	
reserva	9274.720507	45056.573322	7398.333333	26343.666667	9173.841892	40906.988419	7503.833333	25346.000000	
episodio	1616.818723	15623.728457	891.000000	9111.000000	2192.490146	16056.191699	777.285714	7756.571429	
totalidad	5188.037720	32379.614163	2668.125000	19128.000000	5370.490643	32228.654049	2639.875000	19137.875000	
marcha	7383.725321	22962.541832	3085.600000	20184.400000	9193.729189	22913.460278	3018.750000	21846.750000	
selección	8489.335715	31525.099748	1802.125000	13113.250000	8792.569384	37609.864239	1986.000000	15719.000000	
futuro	3838.266891	14297.535984	1357.800000	8291.400000	2763.521917	12423.324691	1282.600000	7345.400000	
arte	5397.171723	41104.142484	2706.333333	34674.333333	5481.276077	40884.246275	2282.666667	34597.333333	
base	8664.630122	36253.674446	2904.333333	28415.666667	10960.389325	36046.450205	3442.333333	24721.666667	
función	4071.100530	26700.439894	1247.833333	7521.666667	3944.418763	35975.458017	1510.666667	11482.166667	
código	1665.397354	8363.939361	811.600000	4872.000000	10653.187140	16828.015088	3748.600000	8407.000000	
reglamento	5341.070716	43805.206335	3502.444444	21921.777778	5335.730548	39517.778776	3490.666667	19064.888889	
límite	2697.703825	17793.309659	1444.800000	9963.800000	3769.373126	24058.589462	2122.600000	14751.400000	
cuarto	4510.009061	27042.110422	1526.600000	20194.400000	4252.224546	25412.753308	1355.800000	18955.200000	
dimensión	4641.141595	31385.101581	2014.500000	13582.375000	5185.618755	37296.804010	2353.250000	16315.875000	
espíritu	6275.832530	22905.327252	2097.000000	13186.285714	7464.815350	24519.540524	3064.000000	15398.714286	
gloria	2426.980500	28337.551245	1754.800000	15617.400000	1540.240626	23822.348825	1106.600000	12256.600000	
estudio	9637.963111	33493.454170	2531.166667	17023.500000	11296.629546	35146.813774	2989.833333	15717.166667	
aumento	4785.751600	39001.389692	2423.333333	17714.500000	4786.667861	39554.212992	2463.833333	17668.333333	
llegada	4270.091047	22980.929491	2195.666667	17214.500000	4338.503168	18750.871782	1971.200000	14114.200000	
punta	7978.234198	37755.307819	2974.250000	16249.750000	6867.175866	37343.143795	3093.500000	16900.250000	
plazo	1879.247317	22760.529153	985.250000	10565.500000	1902.708628	26912.094175	1117.250000	11469.250000	
edición	2263.639691	27191.512353	807.500000	10880.166667	3008.760820	32430.273791	1184.000000	13497.166667	
desgracia	17549.765839	49014.188413	5868.000000	21637.750000	17292.712794	45106.239230	5629.875000	19791.375000	
sentido	11620.329091	50120.363729	3652.500000	27354.500000	11191.700885	47487.786804	3440.666667	23699.333333	
escena	10237.712103	51422.451659	3772.000000	26306.600000	10492.196790	51604.192441	4005.000000	25149.600000	
sorpresa	6516.765538	37179.471404	2525.142857	21226.000000	6499.528780	35439.999106	2495.857143	19178.714286	
supremo	5714.786156	23172.847666	2377.666667	15762.833333	5537.234579	20140.618265	2310.833333	13471.333333	
operación	4239.601991	35308.697793	1579.500000	16769.375000	4790.772406	42185.310387	1807.500000	20238.000000	
fórmula	1478.043276	17291.352149	1254.333333	8275.166667	4802.235660	24983.000198	1961.666667	11836.000000	
territorio	5252.959912	34589.967392	2536.222222	18890.777778	3974.026406	27336.523814	1544.250000	12347.125000	
palabra	7478.612459	40331.493762	3617.333333	22384.000000	7433.010040	39739.801321	3842.833333	23102.333333	
cantidad	8878.442722	39021.691295	4462.714286	25330.857143	8430.755904	38222.846545	4324.857143	26753.142857	
término	2395.068980	15461.957964	1313.166667	8771.166667	6090.123420	33461.436496	2469.833333	17700.500000	
ausencia	5000.623165	36418.750302	2609.714286	17563.142857	5013.177895	34379.131932	2505.857143	15682.000000	
rugido	3219.831646	16726.296207	1041.800000	11643.600000	2810.410463	13233.970804	1085.600000	7178.600000	
cordel	14195.822091	57686.364223	4898.200000	19101.200000	13712.561339	36095.146385	4521.800000	14688.600000	
grupa	2333.684371	11209.664198	1054.250000	5636.000000	2269.556654	9908.186890	1051.000000	4646.000000	
fuselaje	3016.596811	28953.676368	1675.857143	12160.714286	2518.267753	28771.354338	1727.714286	12257.857143	
simulacro	2804.082871	25717.436789	1533.250000	12819.125000	2507.271147	22941.154880	1454.500000	11467.875000	
acacias	3456.304975	37570.430602	2412.166667	21761.000000	3350.487132	33060.585100	2118.666667	19314.000000	
petaca	5773.623312	28266.358334	2721.400000	18225.600000	6188.351659	25713.464571	2776.200000	18172.000000	
mulo	4101.189850	17712.880862	1342.666667	9807.333333	3741.723092	17112.879354	1300.333333	9322.333333	
hormona	6917.074999	28464.634956	2791.833333	17118.000000	4239.858257	36405.863242	1809.800000	19945.000000	
péndulo	1855.726966	12686.408507	1067.833333	10435.833333	5194.460364	32280.280983	2451.500000	18167.500000	
adoquines	1581.461637	36133.182921	1286.875000	21285.375000	2089.363827	33743.422512	1705.571429	20304.857143	
tiniebla	3231.081290	28238.693903	1435.000000	14205.857143	2627.625448	25637.310434	1292.571429	13013.142857	
langostas	11094.996484	45458.979692	2796.875000	27996.250000	9450.253071	39279.019223	2335.875000	22919.250000	
canuto	6299.551324	26379.857475	2674.200000	16950.800000	6163.844618	26715.746804	2701.000000	19673.800000	
silicio	6276.793742	27281.017668	2355.833333	14174.666667	5779.277011	25811.490976	1888.666667	11687.666667	
harén	8868.986190	19703.269070	2027.750000	20204.250000	7794.572049	66355.270904	2881.333333	45020.000000	
buhardilla	1544.788596	23246.533701	1714.222222	16408.444444	815.184973	10958.214529	954.428571	12238.857143	
cubil	4033.889583	9947.106772	1860.000000	6709.750000	2690.605380	7993.341734	1725.500000	6082.000000	
catre	8994.178321	33406.847514	4616.500000	24192.000000	9093.141013	28942.269830	4571.000000	20737.250000	
cogote	9615.830154	24779.663584	3842.800000	13166.000000	9775.422679	25043.521418	4009.000000	13336.000000	
zarzal	5374.033454	24357.505546	2101.000000	23081.800000	5429.099443	24177.606389	2084.600000	23347.400000	
flema	3605.036377	17808.637532	1353.000000	13083.000000	3111.617616	19010.273242	1349.250000	13658.000000	
vasija	5259.719211	19873.266233	1423.600000	12862.400000	7040.966411	20309.021110	2081.600000	12770.400000	
trastienda	4960.603222	44667.602955	3255.666667	27275.777778	4517.083776	40078.287138	2928.888889	24314.444444	
acequia	2513.275281	20035.052082	1622.333333	8884.666667	2334.046330	16033.213806	974.000000	8829.400000	
hebra	3748.717911	20226.617965	2195.250000	13903.250000	5642.445973	26699.896886	1704.333333	19898.000000	
glorieta	2452.664116	28807.331752	1977.714286	16181.857143	1958.566412	26320.379729	1580.571429	14608.142857	
cornisa	11250.322041	26902.520946	4077.833333	15687.666667	11134.441013	26580.978844	4009.000000	15557.666667	
neutrón	1684.589776	13305.356320	864.833333	5985.333333	3015.184912	27176.884472	1653.500000	13726.666667	
efigie	1473.354904	10683.097457	658.200000	5522.600000	1367.602782	9645.555263	546.400000	5049.600000	
leucocitos	2648.394360	31341.202440	1995.888889	16900.444444	1813.529282	26079.668712	1688.555556	15068.444444	
azote	2061.713225	15940.400235	1279.750000	9505.000000	3025.688069	21535.406968	1611.000000	11461.750000	
tocador	4803.548850	36600.678094	2258.833333	23821.500000	4613.201564	33985.917331	2381.833333	20516.666667	
cuarzo	3150.770235	17638.243924	1173.800000	16609.200000	2905.143399	16325.161271	990.400000	15583.600000	
cantinero	7154.270131	41438.894903	3911.375000	25280.750000	6865.120318	40027.667557	3836.875000	25835.625000	
bastidor	8290.526237	37061.456862	3265.142857	24590.285714	8560.805618	34747.167919	3251.285714	19939.000000	
linfocitos	3016.170640	27854.893441	2164.444444	16098.777778	1619.072905	21318.722957	1744.555556	13017.111111	
pómulos	2297.675625	21518.123114	1223.833333	13305.833333	8773.218461	29863.531592	2675.500000	16097.833333	
coliflor	8374.571119	25002.389148	3741.857143	15462.285714	8629.424447	24908.743957	3701.857143	15018.857143	
naipes	2844.731886	31002.219631	1363.800000	16612.800000	3433.755825	32900.084082	1449.600000	17655.400000	
porche	8775.893733	18996.025782	2136.600000	9304.200000	9791.683838	19232.712371	1766.250000	7934.500000	
cloruro	2059.297197	23834.210240	1457.333333	13371.666667	1838.189119	22530.053496	1259.500000	12133.333333	
maracas	9544.913240	43876.067807	4013.333333	35014.666667	10039.077414	42710.482370	3946.833333	35252.166667	
lumbre	3715.777722	17859.406943	1558.200000	12211.000000	2927.592416	13615.597184	1512.800000	8718.400000	
cisterna	6103.077353	39329.191256	3199.571429	20396.000000	5272.785152	33734.916215	3229.714286	19133.000000	
insulina	3526.641310	22452.368881	2963.000000	14770.428571	2671.246190	20804.952923	2446.571429	13335.857143	
paseante	8174.607148	41257.982045	3043.714286	26169.714286	8886.135347	42656.646891	3406.428571	28349.571429	
gemido	4492.389558	22805.147447	1712.800000	15151.600000	4350.184541	20958.209114	1805.400000	12065.600000	
barrotes	6158.145851	38866.329294	3071.428571	28501.857143	3917.735602	29155.845630	2122.333333	16025.833333	
flecos	3393.066680	36259.145504	1645.800000	22890.000000	2805.647175	34002.086596	1507.800000	21351.600000	
fonógrafo	5233.659090	16893.092335	2282.750000	11179.125000	5359.541420	22408.826627	2286.125000	13097.500000	
desván	23448.242244	44113.237355	7243.200000	18006.800000	23039.960329	35881.644147	5972.400000	19408.800000	
sopor	5488.933205	25378.610433	2610.500000	10891.000000	5931.915377	25717.848793	2547.250000	10805.750000	
espuelas	7136.488894	52247.722668	3179.428571	22114.571429	7471.336820	47775.021309	3384.142857	20911.285714	
coraza	15324.239164	34444.145551	4964.400000	21769.200000	15993.700434	38366.704491	5032.000000	23893.600000	
iguana	2767.347458	22877.200132	1592.200000	15003.200000	2964.533318	20085.240743	1818.800000	15650.200000	
pliegue	1228.327496	21833.267530	888.833333	8338.666667	974.594358	10476.210868	626.400000	5509.200000	
barracón	5981.482027	27611.110136	2580.428571	22633.142857	2941.749170	25662.581107	1863.500000	13243.833333	
llaga	2622.852434	26598.963347	1526.000000	14428.000000	1887.062346	5352.825959	1037.666667	6019.000000	
búfalo	1491.693733	17303.508935	1101.400000	9091.800000	1667.725021	16856.394991	1294.200000	8999.200000	
hojarasca	3833.966705	28664.864971	2792.625000	24799.375000	2117.235516	32317.407986	1738.571429	29088.000000	
almidón	4036.475939	19417.053061	1372.666667	8083.833333	5598.613286	32485.241259	2130.500000	15319.333333	
bucles	3334.823032	27388.417114	1511.000000	15885.200000	2842.708319	26632.063814	1405.200000	15130.800000	
campanilla	4140.171652	29319.150964	2621.555556	18268.333333	4581.953345	21286.926389	2715.125000	16635.625000	
nómina	2335.392113	18242.545306	1395.600000	10750.400000	8344.150841	26486.299851	2810.800000	14157.800000	
escalinata	5510.671093	36687.800922	2897.000000	23036.111111	5909.895189	36982.432616	3281.000000	23219.555556	
torso	7522.171786	26911.117041	2021.000000	12965.750000	7327.899270	27596.579425	1862.250000	13009.750000	
madrastra	4014.418973	39939.474707	2698.500000	27353.625000	4549.525161	41344.575131	2843.750000	28712.500000	
antesala	5685.984552	56531.679159	2943.571429	30178.571429	5910.695026	57052.787854	2885.000000	31656.000000	
tesón	5556.573902	42213.083212	4622.000000	19918.250000	7168.428174	61257.542056	5258.250000	29452.500000	
perito	8349.706223	34061.829199	3570.600000	17795.600000	8356.230535	32379.766188	3259.400000	17939.600000	
corona	15255.151768	45289.614517	5434.600000	24472.600000	15582.557847	48710.588301	5354.800000	24043.600000	
águila	1496.538853	21892.144162	1428.400000	11107.400000	1375.553074	21993.271760	1364.500000	10677.750000	
dramaturgo	2375.574951	17390.840665	1294.000000	12205.444444	2373.260111	17199.586847	1290.111111	12371.222222	
hectáreas	2442.615363	20290.498609	2207.500000	15177.250000	5284.705326	34079.283883	3414.142857	27489.714286	
cueva	14898.424258	22273.721147	1284.750000	6588.500000	7148.004257	14471.922204	1338.250000	7887.000000	
laguna	13713.595376	32947.954026	1456.000000	13601.800000	13833.003034	31240.040232	1460.000000	12296.400000	
guardián	1760.779799	16038.612615	1483.142857	15947.714286	2973.420643	22339.728522	2216.428571	20746.714286	
notario	6974.679207	33159.944420	2833.000000	24295.666667	7918.065282	34196.639713	2762.000000	22772.166667	
túnica	2285.018542	16441.225441	1265.600000	10579.200000	3066.060906	23100.709507	1480.600000	11896.200000	
travesía	4465.943980	30469.329276	2417.571429	18425.000000	5224.229823	36767.222007	2742.428571	23158.285714	
antecesor	5499.806508	44748.688850	2470.000000	25091.875000	5623.558616	44765.172506	2423.250000	25897.875000	
algas	6101.225526	28398.848317	2023.250000	19210.500000	6340.200701	28774.100276	2172.750000	18743.500000	
proa	9282.406647	20529.000659	3831.333333	11354.666667	9455.799846	19714.383984	3879.333333	10491.666667	
estela	12644.455674	65284.479767	3817.600000	28585.200000	14187.540625	65993.865338	4643.200000	28473.400000	
anteojos	5261.057612	34792.699121	2559.714286	21243.714286	5345.471529	35555.331246	2593.428571	23109.285714	
teólogos	2821.549748	25128.984490	1352.571429	14806.142857	2955.268620	27061.002913	1573.571429	17222.285714	
crepúsculo	1618.966081	15238.246747	1045.666667	10502.111111	1711.885345	13545.368220	1146.444444	9350.777778	
iris	3466.220930	21022.832573	1514.333333	15742.333333	3539.309550	17420.017111	1292.000000	15581.666667	
duque	1890.174213	25824.751856	951.750000	4662.000000	1096.268417	13688.040052	532.666667	2348.000000	
espía	9594.049198	29482.574962	2220.250000	16210.000000	11233.697482	32283.576816	3594.000000	18126.000000	
germen	7607.782366	42716.345460	3115.400000	20795.200000	7404.358764	43376.634352	2987.800000	20921.600000	
conmoción	11144.426633	29872.990181	3804.375000	13843.750000	10397.424509	33568.292520	3644.625000	14869.750000	
popa	8046.567701	21507.059691	1786.333333	7532.000000	8122.852381	21839.582276	1911.333333	7973.666667	
parodia	9565.760976	30438.191573	2968.666667	22253.000000	9413.454792	26658.706855	2630.666667	19879.833333	
profeta	6221.183352	21182.255186	3284.500000	12861.833333	6322.538488	21273.782170	3425.833333	13005.166667	
cañón	4071.196348	15655.400131	1869.250000	7925.250000	5567.193124	29482.768505	2751.750000	15281.750000	
burgués	2072.114055	5890.705498	806.666667	3469.166667	3187.297204	23444.280671	1359.600000	12196.400000	
hoyo	2004.388187	4354.090895	504.666667	1294.333333	77.078023	2212.010136	43.500000	480.500000	
clero	4441.277282	34484.913484	1851.500000	20358.500000	4092.632648	32669.659865	1668.250000	19172.000000	
polen	9965.865120	43968.154195	3561.500000	22732.250000	10248.606396	43395.150743	3510.000000	21814.750000	
pilares	5420.865043	51150.363941	3357.333333	34724.333333	5210.243576	47044.400678	3553.500000	30824.166667	
decreto	21729.383566	42372.521393	5459.000000	18234.500000	21025.435687	35333.531262	5223.000000	13579.000000	
auditorio	2995.867764	23249.764339	1560.000000	12329.125000	3498.343958	22021.685503	1457.625000	9686.875000	
dragón	2862.164226	18303.310176	1380.200000	11197.400000	4363.241538	28415.942148	2069.600000	17373.400000	
yacimiento	3814.770886	38179.814125	1684.000000	16217.333333	3157.823982	32300.828380	1496.000000	14045.888889	
sendero	10589.889032	65554.092163	3212.500000	30466.500000	9712.623232	62347.389746	2977.666667	28571.333333	
caravana	8217.444415	36117.489476	3556.571429	29796.571429	8963.754299	39689.543781	4336.714286	36855.285714	
navegación	2771.698678	22054.918042	1110.444444	9609.444444	3914.053442	30181.559877	1736.222222	14398.222222	
uranio	5193.668418	32921.537393	2289.200000	22278.800000	5704.580139	34947.270782	2154.000000	24370.400000	
compás	12736.150670	18458.124662	4373.600000	9162.200000	14490.598812	36242.346899	5785.200000	20462.600000	
nitrógeno	2369.894129	24885.929135	1322.625000	11830.750000	2934.834436	29866.699344	1760.750000	14546.125000	
cabrera	9072.292557	41678.353412	4520.833333	28271.000000	8825.235088	38563.317093	4708.333333	27069.000000	
jinete	3636.082505	22809.964149	1623.200000	14161.200000	3698.747608	22894.427826	1845.800000	14249.600000	
cautiverio	3610.069550	24100.392630	2181.666667	14217.777778	3904.209203	24635.962420	2254.888889	13464.222222	
proyectil	4420.496905	17144.027325	2056.875000	10447.625000	4357.040554	14658.200604	1927.375000	8798.375000	
genitales	4560.499623	44716.741993	2599.000000	23799.125000	4825.081369	45705.681704	2653.625000	24058.125000	
torrente	8656.243880	51765.925307	3680.571429	26583.857143	4852.779977	45694.506433	2611.000000	21866.000000	
capitán	3633.065918	11358.552945	2482.833333	11173.333333	5719.470253	27608.613887	4028.666667	22829.000000	
celda	6439.065127	27657.352343	1811.000000	11959.750000	5536.057372	20672.346822	1516.000000	7543.000000	
centenar	7864.277205	61102.851000	5174.285714	34385.428571	7820.115620	60987.274444	5358.714286	34052.571429	
buque	1818.644117	25276.480094	1014.000000	4550.250000	828.438594	13199.650174	673.666667	2288.000000	
villa	3710.659780	28869.272197	2224.750000	15050.250000	2151.610501	4279.090529	1134.666667	3687.000000	
hembra	4959.966605	20311.563088	2493.400000	14308.600000	3917.016612	24005.214813	3129.250000	18595.750000	
capote	4774.982589	25882.622775	2674.000000	14849.600000	4956.382774	26546.050962	2917.200000	15573.800000	
aduana	3028.482490	28851.763271	1934.400000	20275.400000	3287.872078	28334.224989	2181.200000	22285.800000	
alumbrado	4702.669904	28425.782568	3205.250000	19989.875000	4520.226346	26247.742493	2927.750000	17765.375000	
balneario	3246.761933	25369.121432	3074.375000	19975.750000	4009.231653	24649.089476	3193.250000	16769.875000	
tribu	3614.642436	16875.666354	2053.750000	10799.750000	3915.782835	16123.929285	2214.250000	11824.250000	
diana	5457.115900	33482.196501	2604.750000	21951.250000	3410.162745	28799.598679	1558.500000	21968.500000	
marfil	7019.618128	20838.078803	3000.200000	20428.000000	7579.865640	21161.306472	2724.200000	19638.200000	
sastre	9255.701220	40447.746225	3655.200000	26902.800000	9323.902879	38207.113098	3703.800000	24392.400000	
anatomía	3448.457514	24191.877965	1197.571429	14864.428571	3799.669560	27532.228991	1346.857143	18354.000000	
bacteria	4819.901571	32370.189554	2720.000000	18710.142857	4334.595137	26293.824026	2537.571429	14073.428571	
cartulina	6094.130129	26626.056476	2917.625000	21817.625000	6035.958116	25615.034690	2813.750000	21154.375000	
parpadeo	7846.754661	40833.114675	2733.571429	22450.285714	7524.221952	25427.931771	2629.428571	19684.857143	
migas	4961.058874	23735.960207	1721.500000	17061.750000	5158.220709	23117.146095	1797.500000	16178.000000	
reliquia	6416.983042	30230.018738	3858.285714	14336.428571	8484.307470	24189.952403	4473.000000	12821.833333	
manotazo	4830.130387	23723.838892	2531.285714	15249.857143	5577.364478	28321.299173	2751.714286	18463.571429	
paella	4869.059902	36162.666255	1871.600000	13627.800000	5235.730074	9420.374512	1249.750000	4762.500000	
puchero	4592.906850	22634.302055	1864.333333	12540.000000	5741.353413	21651.515964	2328.400000	11700.800000	
chicle	1634.429004	14610.172500	1171.000000	10780.000000	1663.521451	12736.954162	1065.000000	9896.250000	
pastilla	8638.220836	36726.056728	3358.000000	20822.857143	9705.677061	27781.977049	3071.166667	17228.500000	
susurro	5242.803981	17550.918341	2012.666667	9633.166667	4622.016457	10010.392930	1391.600000	4274.000000	
blusa	1051.412761	10679.685939	871.750000	6631.000000	1035.998775	8801.557922	943.500000	5958.250000	
tabique	2815.684789	29154.734746	1276.500000	11502.666667	3565.450468	28091.939999	1749.600000	16266.800000	
camionero	5460.925112	34941.069002	2850.750000	20169.750000	5408.681580	37882.950186	2753.625000	19534.750000	
muñeco	2619.142586	17198.626398	888.200000	8896.600000	1935.156309	15353.580808	721.400000	7732.200000	
caricia	10272.494405	38591.822501	4141.833333	27715.666667	9058.565498	32373.028675	3520.166667	25918.000000	
monólogo	5243.715522	17859.831829	2103.571429	11005.714286	5560.503267	25786.329424	2154.571429	14544.285714	
rezo	6468.676005	21438.081809	5706.666667	15256.333333	7705.109639	12281.819335	6039.666667	9948.666667	
peseta	7166.329501	42197.365084	5967.000000	24889.800000	7096.620240	44097.364875	5841.200000	26015.600000	
escote	8176.582219	42695.718976	3238.200000	23239.000000	9157.859434	44433.530863	4080.000000	23971.800000	
jubilado	3655.138797	28234.193980	3007.142857	18156.142857	3329.996572	25662.226714	2683.000000	14779.285714	
bidones	3633.604278	41739.399334	1574.166667	23960.166667	4805.145278	43003.621670	1925.666667	20704.833333	
albañil	3066.316299	12668.637512	1298.833333	8962.500000	3260.787291	12789.819003	1396.666667	9026.500000	
moqueta	3039.654244	29350.016822	2292.666667	12535.500000	3335.810058	24769.615748	2470.400000	14324.800000	
humareda	3997.185013	27578.588476	2626.142857	22688.714286	3620.883795	28605.943860	2046.166667	23085.666667	
sartén	6620.606612	19011.691133	2531.600000	18979.800000	9901.705543	49164.135360	4095.400000	32181.800000	
comisuras	9226.824186	32821.861769	4246.625000	20389.500000	9584.065652	33308.755352	4699.875000	21055.125000	
antepasado	4812.683750	39577.797807	3394.888889	26627.333333	4843.104518	39234.803906	3013.666667	26162.333333	
envoltorio	6178.475256	30138.926899	2260.333333	15224.444444	2348.189996	20669.989320	1627.000000	10520.222222	
mantel	8488.739360	48860.739254	4033.400000	24630.200000	9011.787318	50371.864029	3957.600000	26993.200000	
rosal	9098.888869	43913.521139	2677.250000	27204.000000	8990.822053	35414.803665	2723.000000	22379.000000	
riñón	745.184221	13420.252875	296.000000	6238.750000	2153.226436	19961.193542	1086.250000	8452.250000	
digestión	4445.435800	31025.123405	1983.125000	14632.875000	4821.749820	37028.854478	2073.625000	16412.250000	
cabalgata	4042.386472	23290.186683	2461.125000	17220.250000	3972.425297	24186.945009	2669.875000	18547.625000	
rectángulo	3395.717788	17465.834219	3171.000000	12721.222222	3703.103162	16388.142491	3296.888889	10636.111111	
relojería	5673.969954	30954.357406	3608.500000	16431.125000	5727.515165	28386.192278	3838.500000	15396.125000	
libreta	4768.670233	25235.614497	2890.000000	17919.833333	5384.448002	23730.571853	3084.166667	16232.500000	
pelotazo	5800.223431	25791.306828	2209.285714	12212.142857	6021.650853	28634.793909	2424.000000	13438.285714	
vitaminas	3252.160048	30025.426607	2295.250000	20057.500000	3668.165707	29276.541583	2554.875000	19525.125000	
grifo	2850.861750	11912.671067	1145.000000	8231.750000	2847.107359	8601.164687	1088.500000	7479.000000	
quirófano	5298.413146	18009.272635	1126.625000	9799.375000	2651.432892	19490.527104	1741.000000	14360.142857	
cuchilla	2785.161986	19740.852625	1638.857143	10853.285714	1110.950895	3718.558873	713.400000	3357.000000	
taburete	3625.975396	28411.225468	1838.571429	19438.571429	3264.926292	26547.031114	1894.142857	18177.857143	
vodka	2192.134258	4141.819954	437.000000	1642.000000	3535.489881	12336.175329	1534.750000	8477.250000	
barriga	6047.011443	21870.791590	3112.000000	22012.166667	2293.596289	5358.187172	1624.600000	4694.800000	
manivela	4066.302850	36116.037833	2345.571429	17492.428571	4639.102940	36738.647719	2364.428571	19130.571429	
cremallera	3555.622036	35479.035860	2197.333333	22996.333333	3752.179067	28042.353762	2393.500000	18371.375000	
prisionera	4831.635405	36661.278982	2502.333333	20911.111111	4915.167149	37583.330732	2482.777778	20799.777778	
mordisco	4596.726609	25422.773335	1963.000000	16344.000000	4246.195030	22961.745405	1745.571429	14926.000000	
candado	8643.058413	38570.563562	3903.500000	31815.833333	7376.022103	32314.528186	3563.666667	27775.833333	
anís	1993.160176	18063.151363	985.666667	14118.000000	3941.087850	28858.339008	1495.333333	25249.333333	
tufo	1058.273919	5389.248101	531.333333	3114.666667	1101.964191	4773.496853	546.333333	2798.666667	
antebrazo	4682.777816	30030.395046	2480.500000	18930.250000	5252.859110	33466.803463	2720.000000	22113.750000	
ciprés	1528.676269	17014.281907	724.000000	7404.000000	5055.455974	36008.725732	2222.800000	19528.800000	
aceitunas	2133.320826	24523.343033	2072.625000	13797.625000	2287.541473	24921.087229	1804.750000	13721.375000	
negrura	3108.873124	19535.215188	2027.500000	12842.000000	3162.824758	18475.299303	2046.000000	13092.166667	
pito	3097.951118	19012.026628	1576.666667	9696.333333	3337.100665	19378.798561	1701.000000	9880.333333	
pecas	7345.021361	33758.648753	3983.750000	23622.250000	6550.589718	32855.113812	3934.250000	22865.500000	
lavabo	12105.826909	22795.236984	1112.000000	12809.600000	13642.340117	28645.228091	1985.200000	19826.800000	
arruga	1180.938238	16842.010301	1635.600000	18868.800000	502.717770	3300.511800	993.750000	3821.000000	
toldo	4076.680934	24433.709164	1734.000000	17450.500000	3939.043586	16895.312029	1530.500000	12796.000000	
cazadora	4821.811611	34797.804121	2774.285714	26162.571429	5255.223952	35661.555283	3230.285714	25039.428571	
fresa	5391.220661	43557.054140	2209.750000	26729.250000	5528.395812	40334.963832	2393.750000	23381.000000	
búho	83.393833	2607.587938	84.000000	1022.666667	465.129192	471.942663	417.000000	448.000000	
centímetro	3425.673662	31379.056212	1772.000000	16340.777778	4239.152078	35524.308132	2311.111111	18995.000000	
neblina	3772.000286	20063.392681	2130.500000	12607.500000	3830.670212	20137.045548	2347.166667	12591.333333	
repisa	5449.904895	21668.674954	4739.200000	16649.000000	5711.182256	13651.481291	4810.400000	12155.800000	
escoba	7639.247111	35694.194692	2922.800000	20924.400000	8893.024904	38337.903456	3910.200000	22498.800000	
maleza	4759.935096	22346.823933	2989.000000	14727.200000	6121.216995	24620.889572	3156.600000	15914.600000	
roedores	2622.808318	42242.224233	1657.000000	26139.000000	2226.427470	33647.196570	1658.571429	18334.285714	
bordados	7409.806744	36174.449768	3193.000000	25306.571429	6767.221373	33366.360120	2955.142857	21526.142857	
súplica	2586.745685	14766.158325	1609.500000	10842.000000	4873.543169	17018.809909	2328.833333	11757.000000	
coloquio	8202.339591	25735.632574	3375.000000	12335.142857	10548.802908	26965.418112	3859.166667	13340.666667	
sujetador	4786.664173	27316.870491	2940.375000	18383.500000	4718.378367	26601.703323	2875.625000	16516.875000	
hipófisis	946.767302	10869.505010	897.500000	7198.500000	955.482914	15721.393325	973.857143	8767.714286	
fuego	14409.767141	20582.461713	981.000000	4703.250000	6069.063846	11064.799265	677.250000	2958.000000	
verso	6865.687782	26215.800746	2499.000000	14031.250000	6883.000892	25008.597590	2524.000000	13303.250000	
tiro	5175.833001	25690.709432	1653.333333	16975.333333	4495.351050	23778.589632	1593.666667	15816.333333	
pastel	11588.787799	47434.074536	3642.800000	23193.400000	11825.908364	49000.980312	3623.400000	23807.400000	
campo	7176.443186	24004.764408	3143.500000	14571.750000	7673.297109	24503.622190	3326.000000	15327.000000	
abanico	3368.634764	30208.294754	1939.833333	21149.000000	3960.854567	30219.728275	2139.000000	23800.166667	
cara	16737.041534	51295.275980	5746.666667	46256.666667	16835.183286	50605.398333	5557.666667	47900.333333	
globo	681.307489	13009.225098	585.000000	7207.000000	1178.594365	14011.167913	747.250000	7727.250000	
asamblea	1701.981301	20907.731623	1158.285714	16194.857143	1761.489999	21472.487227	1117.000000	16580.571429	
humo	3798.700242	8809.579809	1215.000000	8650.000000	863.043156	12979.535620	541.500000	12291.000000	
acta	5703.177998	28830.990595	2424.000000	16206.666667	7006.652516	24166.390006	2331.666667	15304.333333	
grito	4630.529076	22486.953067	1581.500000	12132.250000	4563.969374	19889.980025	1573.750000	11642.000000	
vigilia	3510.206850	13498.696941	1868.333333	9497.166667	2788.435755	8257.438055	1413.333333	5385.666667	
rincón	2863.166293	21432.185800	1234.000000	12003.600000	2674.379447	28179.137701	1527.800000	13759.600000	
mirada	6806.739522	33591.107768	2473.800000	23905.200000	7205.102536	31750.913700	2562.600000	23922.000000	
bota	4437.307092	20120.478063	1810.666667	13546.333333	6159.039587	20866.120650	2237.333333	13939.333333	
exposición	4363.729681	29647.665999	1797.111111	13034.000000	8116.157640	46248.502512	2939.444444	21321.333333	
peregrino	5140.764986	32262.968702	2654.250000	19029.875000	4718.347529	27339.089925	2428.250000	16302.500000	
espina	8449.763866	35802.051695	2899.600000	20569.800000	9852.154008	35767.528163	3847.200000	20347.400000	
calendario	5916.593413	42584.848641	4627.777778	29448.777778	5680.630207	39409.865973	4370.777778	25736.222222	
colega	10722.544150	23309.997443	4666.600000	16325.800000	11109.982218	22908.581543	4632.600000	15925.800000	
fuente	14110.628817	55275.485081	1751.800000	21490.600000	7780.248748	47990.969977	1550.800000	19867.200000	
inspector	3942.600944	23838.673995	2665.125000	12925.625000	3212.097626	22189.110931	2126.625000	11641.625000	
clavo	2030.998991	23429.933396	1000.500000	10510.250000	2617.448287	27111.260493	1444.750000	14887.750000	
examen	4105.689007	31510.357843	2345.600000	16599.600000	3241.661100	30961.970503	2288.500000	16732.500000	
anfitrión	3195.323093	22639.238726	1520.750000	13152.875000	3675.151458	25970.604732	1685.500000	12998.750000	
receptor	5694.808255	26664.775940	3911.571429	15728.285714	4837.404703	20156.593860	3384.000000	11584.285714	
altura	6479.376975	26635.547494	2721.600000	16631.200000	6141.715921	25619.734309	2808.200000	16821.000000	
foco	3433.123930	23388.976288	2011.333333	11834.333333	2966.045228	22376.641040	2002.000000	11630.000000	
negocio	4163.398106	21561.390912	1715.166667	9379.000000	4239.304836	22464.398766	1358.000000	8095.000000	
líder	6075.197360	48532.246047	2285.750000	15656.250000	7008.393790	31489.196611	2829.000000	16344.750000	
cordillera	8122.003182	34334.798572	3690.555556	21001.777778	8994.076015	30489.623826	4007.375000	18198.125000	
morro	8039.417329	28267.053826	3442.750000	19108.000000	2275.077209	9056.032357	1611.000000	8680.333333	
escultura	5301.440439	26523.615470	2446.875000	16609.875000	5757.354205	25873.151731	2965.125000	16812.875000	
lotería	10046.233233	30447.809904	2625.500000	17372.500000	10434.319585	32618.488016	3148.666667	19401.500000	
pera	14209.145570	49632.748679	5020.666667	29784.000000	14043.130138	48714.906232	4572.000000	31018.666667	
dictado	6553.024747	33495.989286	3223.333333	23423.166667	5683.547709	28588.786736	3057.333333	18829.666667	
ficha	3068.056232	15480.792995	1232.750000	9628.000000	1822.491949	4198.802899	689.333333	3708.333333	
pata	10966.850853	29983.703196	3026.000000	18050.666667	12194.626582	31197.966668	3264.000000	19508.333333	
onda	2302.982050	36132.504181	902.666667	26871.333333	1045.501481	33386.543746	778.666667	20962.000000	
pirámide	1867.490837	27110.300989	1109.000000	10391.857143	3832.875875	21816.777865	1813.857143	15180.571429	
censo	5421.856116	37740.846410	2396.250000	17908.750000	5407.658941	38104.630498	2424.500000	17683.500000	
vena	6829.993942	50638.472325	2713.333333	23325.333333	7244.196989	49123.247334	3140.333333	22138.666667	
castillo	7806.751979	31773.014963	3531.285714	20992.000000	8900.056671	28777.619676	3478.500000	19410.000000	
aspirantes	4158.019986	44005.133248	2599.666667	27786.000000	4376.431959	45454.780784	3113.555556	29921.333333	
vecino	5561.392577	30158.651418	2547.400000	15040.600000	4230.770369	18419.062036	1930.400000	10139.400000	
compra	14982.223568	33907.262192	5808.200000	19636.200000	15461.701641	34723.029440	6387.600000	21145.400000	
campamento	5319.716989	37708.720233	2508.333333	19846.888889	5550.612597	38239.716590	2666.000000	20206.666667	
cabra	7453.559312	31091.018865	3773.500000	23396.250000	6980.840074	31776.376246	3860.500000	25864.500000	
mandíbula	3718.767634	23809.683900	2065.125000	16014.250000	4231.280860	27156.731722	2107.875000	18753.125000	
pueblo	11070.454520	23283.986547	911.000000	7388.000000	5077.205235	16191.517136	688.600000	6252.200000	
escondite	6030.351672	39901.015116	3039.250000	24446.000000	6676.697883	42055.319972	3377.875000	23872.875000	
muchacho	2646.018464	12098.893154	948.285714	6566.857143	2011.809038	3323.243642	453.400000	1921.000000	
duquesa	2886.788153	35989.192946	1418.333333	13397.000000	2281.712221	32022.427039	1147.000000	14339.600000	
farol	8531.965319	28211.898727	3096.000000	27851.750000	8346.060194	27238.787276	2793.750000	26772.750000	
mueca	14965.631335	30808.348936	1661.500000	12895.250000	5621.829321	17865.935820	1212.250000	9856.750000	
adversario	4230.134884	29198.429988	3056.777778	21698.444444	4662.140403	29236.882315	3236.777778	20434.555556	
atún	526.527301	5014.630466	824.000000	4179.666667	909.337032	19278.426864	1111.000000	7239.000000	
discípulo	2818.425002	13508.489011	1896.750000	9018.250000	2322.534459	12481.004237	1601.500000	8125.750000	
coche	12601.520885	19680.878354	4454.250000	10889.500000	14288.916590	19216.705867	5055.666667	9605.666667	
siesta	8203.188323	48007.364973	2386.200000	23724.600000	6484.599029	46615.264767	2306.400000	24075.600000	
marinero	6798.765031	39318.714597	3567.285714	27771.571429	7196.388448	37048.333882	3490.142857	26679.857143	
capítulo	3016.284898	14174.898687	1674.142857	9509.000000	3761.470610	16309.823038	2211.142857	11675.857143	
trabajo	4334.489768	21725.594395	2205.666667	16400.833333	4990.431395	23058.288913	2628.166667	18628.833333	
isla	2156.110588	33830.573000	1157.333333	17111.000000	2001.659951	26590.211376	1135.666667	10965.666667	
planeta	4304.892160	35736.061904	2562.166667	21302.333333	4322.578364	35828.363605	2650.000000	23270.500000	
fibra	3571.071308	21526.052348	2107.500000	15357.500000	4024.948683	23184.561897	2221.250000	17342.750000	
pavimento	4924.297129	35416.402742	1966.125000	16266.500000	5436.713267	38139.672620	2293.625000	18796.500000	
médula	1321.490759	18636.333449	1280.400000	8761.000000	3796.402161	25313.434928	2148.800000	12495.800000	
planta	5392.697211	48478.402905	2712.000000	26886.200000	5311.327366	48473.179304	2789.200000	29036.800000	
apellido	2865.927065	27171.896678	2275.428571	15327.000000	2833.764688	15153.217586	1480.500000	8492.000000	
disco	5769.309857	26465.480857	3548.750000	16681.500000	5143.134781	23641.784506	3428.500000	14789.750000	
atardecer	1362.373288	44451.927373	1564.750000	25247.875000	1231.818672	29813.508130	1546.750000	22202.250000	
visita	5504.624665	24951.460493	3012.800000	15201.000000	5450.410577	23404.687705	3242.600000	14670.400000	
